# Kiln IDs converted from FCBK to Zigzag in 2025 scenario
# Total converted: 5000 out of 10000
# Random seed: 42
1
2
4
6
7
9
12
18
20
22
24
28
30
33
34
35
36
37
38
39
40
43
44
46
49
52
54
58
59
61
62
64
65
67
69
72
73
74
79
80
81
83
84
85
87
88
89
91
93
94
95
96
98
99
101
104
106
107
110
114
115
117
121
123
124
125
130
132
136
137
139
140
141
145
146
147
152
157
159
162
164
165
168
169
170
171
172
175
176
180
181
182
183
184
188
189
191
192
195
196
199
201
203
205
208
210
211
212
214
216
218
219
221
224
225
230
231
234
237
238
240
241
245
247
248
251
253
256
258
261
264
267
268
269
272
273
274
278
280
281
282
284
285
286
287
288
292
293
294
295
297
298
300
302
303
305
306
307
311
312
316
319
320
321
323
325
327
332
334
337
338
339
343
345
346
347
349
350
352
355
356
359
363
365
366
367
368
369
370
371
372
373
374
378
379
380
381
382
384
385
387
390
392
396
398
401
402
404
405
406
407
409
410
415
417
421
422
425
426
428
429
430
431
434
437
438
445
447
448
450
451
452
454
457
459
462
464
466
473
475
476
481
482
483
484
486
490
492
496
500
501
503
505
506
508
509
510
511
513
515
516
517
522
524
525
527
528
529
530
532
533
534
537
539
541
542
543
546
548
549
550
551
553
555
556
557
558
560
561
562
569
570
571
573
576
577
578
582
584
585
586
588
594
596
597
598
599
602
604
606
612
616
621
626
630
636
638
640
641
642
644
648
649
652
654
656
657
659
662
664
666
667
671
672
676
677
679
680
681
683
685
686
689
690
696
697
698
700
701
703
704
705
708
711
712
713
715
717
721
722
723
726
727
728
729
735
736
737
738
739
740
741
747
753
754
757
760
761
764
765
769
773
774
775
776
777
779
780
783
786
788
791
794
796
799
800
806
808
812
813
816
819
820
822
826
827
828
830
831
832
834
836
839
840
841
842
843
845
846
847
855
858
859
862
863
864
867
868
870
873
875
877
878
880
881
884
886
888
890
891
893
894
895
896
897
898
899
902
906
908
909
910
911
914
915
916
917
921
922
924
926
928
929
930
932
934
936
937
938
941
949
951
952
957
961
962
963
964
966
969
970
971
972
973
975
977
978
980
981
983
992
993
996
997
998
999
1002
1003
1004
1005
1006
1007
1010
1011
1015
1017
1019
1021
1022
1024
1025
1027
1029
1030
1031
1032
1033
1034
1036
1039
1040
1041
1042
1047
1049
1052
1053
1054
1055
1056
1057
1064
1065
1066
1068
1070
1072
1073
1076
1079
1080
1081
1083
1084
1086
1087
1090
1091
1092
1094
1095
1097
1099
1100
1102
1105
1110
1111
1112
1113
1116
1117
1118
1124
1126
1131
1133
1134
1137
1138
1139
1141
1142
1144
1145
1148
1149
1150
1151
1153
1154
1157
1158
1159
1161
1164
1165
1167
1168
1169
1170
1171
1174
1175
1176
1178
1179
1180
1181
1182
1184
1185
1186
1187
1189
1191
1194
1195
1196
1199
1201
1202
1204
1205
1207
1211
1212
1214
1215
1218
1219
1220
1221
1222
1227
1228
1229
1230
1231
1236
1237
1239
1240
1241
1242
1243
1246
1247
1251
1252
1253
1256
1259
1260
1262
1263
1265
1267
1269
1270
1271
1273
1275
1278
1281
1283
1288
1292
1293
1295
1296
1300
1301
1303
1304
1312
1313
1314
1317
1318
1319
1320
1322
1325
1326
1329
1334
1335
1336
1337
1343
1346
1348
1349
1354
1356
1358
1359
1361
1362
1363
1364
1368
1370
1371
1372
1373
1374
1376
1379
1381
1383
1384
1385
1388
1389
1390
1391
1394
1395
1398
1399
1401
1402
1403
1404
1405
1410
1411
1412
1413
1414
1415
1422
1424
1428
1429
1431
1433
1434
1435
1436
1437
1439
1441
1442
1445
1447
1452
1455
1459
1460
1462
1463
1466
1472
1473
1476
1477
1478
1481
1483
1484
1486
1490
1491
1494
1495
1496
1498
1499
1500
1501
1503
1504
1507
1509
1511
1512
1513
1516
1518
1519
1520
1521
1522
1525
1528
1529
1530
1531
1532
1533
1535
1536
1537
1538
1539
1542
1545
1546
1548
1549
1551
1554
1557
1560
1561
1563
1566
1567
1568
1569
1573
1580
1582
1583
1584
1588
1589
1590
1592
1597
1598
1601
1603
1604
1608
1610
1614
1618
1621
1624
1625
1627
1629
1632
1633
1638
1639
1641
1643
1645
1647
1649
1651
1654
1655
1657
1659
1661
1662
1663
1664
1668
1669
1670
1672
1674
1676
1677
1678
1679
1681
1683
1684
1686
1688
1689
1694
1696
1705
1706
1708
1710
1712
1713
1715
1717
1720
1722
1723
1724
1726
1728
1731
1732
1733
1736
1737
1739
1740
1744
1745
1746
1748
1753
1754
1755
1757
1758
1762
1763
1764
1766
1767
1769
1771
1772
1773
1774
1781
1782
1783
1784
1786
1791
1792
1793
1794
1795
1796
1800
1802
1804
1806
1808
1809
1810
1811
1812
1814
1824
1825
1826
1828
1829
1830
1832
1834
1836
1837
1839
1840
1842
1844
1845
1846
1847
1848
1851
1852
1855
1856
1857
1858
1865
1866
1868
1872
1875
1878
1879
1880
1882
1883
1884
1885
1887
1888
1889
1891
1892
1894
1895
1897
1901
1902
1904
1906
1912
1916
1917
1919
1920
1921
1926
1931
1932
1933
1934
1935
1936
1938
1944
1945
1946
1948
1949
1950
1951
1953
1957
1958
1960
1962
1963
1964
1965
1967
1970
1973
1975
1977
1978
1979
1980
1981
1982
1986
1989
1990
1994
1996
1997
1999
2003
2008
2010
2012
2016
2025
2032
2033
2036
2037
2041
2043
2045
2046
2048
2049
2051
2053
2054
2056
2058
2063
2064
2065
2066
2067
2072
2073
2076
2077
2079
2080
2081
2083
2086
2088
2089
2091
2095
2096
2097
2098
2101
2102
2103
2104
2106
2108
2110
2111
2113
2114
2118
2122
2124
2126
2130
2131
2134
2140
2141
2144
2147
2148
2150
2151
2152
2154
2159
2161
2164
2166
2170
2171
2172
2178
2181
2182
2184
2187
2190
2191
2192
2193
2195
2197
2201
2202
2203
2204
2205
2206
2207
2208
2210
2211
2212
2216
2217
2218
2219
2221
2223
2227
2229
2230
2233
2235
2236
2237
2238
2239
2241
2245
2247
2248
2249
2250
2251
2253
2257
2260
2262
2263
2268
2269
2270
2274
2277
2278
2280
2283
2284
2287
2288
2291
2293
2294
2296
2297
2298
2299
2300
2307
2308
2309
2310
2311
2313
2315
2316
2318
2320
2322
2323
2324
2329
2331
2332
2334
2336
2341
2346
2347
2349
2351
2355
2357
2358
2359
2360
2363
2365
2367
2368
2369
2375
2376
2378
2382
2383
2386
2391
2393
2395
2399
2402
2403
2404
2405
2406
2411
2417
2422
2423
2424
2426
2427
2428
2429
2430
2433
2435
2436
2438
2442
2444
2446
2447
2448
2449
2450
2451
2452
2454
2457
2459
2460
2462
2463
2464
2465
2466
2467
2468
2469
2470
2472
2474
2475
2476
2477
2478
2480
2481
2482
2487
2490
2493
2494
2495
2496
2499
2502
2503
2506
2507
2508
2509
2514
2515
2516
2520
2521
2522
2523
2524
2527
2528
2534
2535
2536
2540
2544
2545
2547
2549
2550
2551
2552
2554
2556
2558
2559
2565
2568
2570
2574
2576
2578
2579
2580
2581
2583
2584
2585
2589
2592
2593
2598
2599
2603
2604
2605
2606
2607
2608
2610
2611
2615
2616
2618
2620
2621
2623
2624
2630
2632
2634
2635
2636
2637
2639
2641
2642
2643
2649
2650
2655
2656
2657
2658
2661
2662
2663
2666
2668
2669
2672
2675
2676
2677
2678
2684
2690
2691
2694
2695
2696
2697
2706
2707
2709
2710
2712
2713
2714
2716
2717
2718
2719
2720
2721
2722
2726
2727
2732
2737
2738
2740
2742
2746
2747
2750
2751
2752
2753
2754
2756
2757
2758
2759
2760
2761
2764
2766
2767
2768
2769
2772
2773
2776
2777
2778
2779
2780
2782
2785
2786
2787
2788
2794
2797
2799
2800
2802
2803
2806
2807
2808
2809
2814
2815
2817
2822
2825
2826
2827
2829
2833
2834
2836
2837
2838
2840
2841
2842
2845
2846
2847
2848
2851
2852
2854
2857
2859
2862
2866
2867
2870
2871
2873
2875
2876
2881
2882
2883
2885
2888
2889
2890
2893
2896
2899
2903
2904
2905
2906
2907
2909
2910
2913
2916
2918
2920
2922
2923
2926
2927
2929
2930
2931
2932
2936
2937
2938
2939
2941
2942
2946
2949
2953
2955
2956
2960
2961
2962
2963
2964
2965
2966
2967
2969
2971
2972
2978
2979
2980
2981
2982
2983
2987
2990
2991
2994
2996
2999
3000
3003
3004
3005
3006
3008
3009
3017
3019
3020
3022
3024
3025
3026
3027
3032
3037
3039
3040
3042
3043
3051
3052
3054
3056
3057
3058
3059
3061
3063
3064
3070
3071
3072
3073
3075
3076
3080
3081
3082
3083
3084
3085
3088
3090
3091
3093
3095
3099
3104
3109
3111
3112
3115
3117
3120
3121
3122
3123
3127
3129
3131
3136
3138
3139
3141
3142
3145
3147
3148
3153
3154
3156
3157
3158
3161
3162
3164
3165
3167
3168
3170
3171
3172
3173
3175
3176
3178
3179
3180
3181
3182
3183
3184
3186
3187
3188
3189
3192
3194
3195
3196
3197
3199
3201
3203
3205
3206
3208
3209
3211
3214
3215
3216
3218
3222
3224
3225
3230
3232
3234
3236
3239
3242
3243
3244
3246
3247
3248
3249
3251
3255
3258
3262
3263
3265
3266
3267
3269
3270
3271
3272
3273
3274
3275
3276
3278
3279
3281
3282
3287
3288
3289
3292
3293
3294
3299
3301
3303
3307
3309
3310
3312
3313
3318
3322
3325
3326
3327
3329
3330
3332
3334
3335
3336
3339
3340
3342
3344
3346
3348
3352
3354
3355
3362
3364
3369
3372
3373
3375
3376
3377
3380
3381
3383
3385
3388
3390
3393
3394
3395
3397
3399
3400
3401
3403
3405
3408
3412
3413
3418
3419
3423
3424
3425
3427
3433
3435
3442
3443
3445
3447
3448
3457
3458
3460
3465
3466
3467
3468
3469
3470
3472
3478
3480
3483
3484
3485
3490
3491
3495
3496
3498
3500
3501
3502
3506
3508
3512
3514
3515
3516
3519
3521
3524
3525
3528
3530
3531
3535
3537
3538
3542
3543
3546
3549
3552
3558
3563
3564
3565
3567
3568
3572
3573
3574
3575
3580
3581
3583
3585
3588
3592
3593
3595
3596
3598
3600
3601
3602
3603
3607
3613
3614
3616
3619
3620
3622
3623
3624
3628
3629
3630
3631
3633
3636
3637
3638
3640
3641
3642
3643
3644
3645
3647
3648
3650
3651
3652
3653
3654
3655
3656
3657
3661
3666
3667
3669
3670
3671
3673
3676
3677
3680
3682
3685
3688
3691
3693
3694
3695
3696
3697
3698
3702
3708
3710
3712
3713
3714
3715
3716
3717
3719
3720
3722
3727
3735
3736
3738
3739
3740
3743
3745
3746
3747
3748
3749
3751
3753
3755
3756
3758
3759
3762
3763
3766
3767
3768
3770
3771
3774
3777
3780
3783
3786
3787
3788
3789
3793
3797
3800
3801
3802
3803
3804
3805
3809
3811
3817
3818
3819
3822
3824
3825
3826
3827
3829
3830
3833
3834
3835
3836
3837
3840
3842
3844
3845
3846
3847
3851
3856
3857
3859
3864
3879
3881
3882
3885
3886
3888
3889
3890
3891
3893
3894
3896
3897
3898
3899
3900
3901
3903
3908
3909
3910
3912
3913
3914
3915
3917
3918
3922
3923
3924
3928
3929
3932
3934
3935
3937
3940
3942
3943
3944
3947
3948
3950
3951
3952
3953
3955
3956
3957
3959
3960
3961
3962
3963
3964
3966
3967
3969
3971
3972
3976
3977
3978
3979
3982
3984
3985
3992
3996
3997
3999
4000
4001
4004
4005
4006
4007
4008
4009
4013
4019
4021
4022
4023
4024
4028
4030
4031
4032
4034
4035
4036
4039
4041
4043
4045
4046
4047
4049
4051
4053
4054
4057
4059
4060
4061
4063
4065
4068
4070
4072
4073
4074
4075
4076
4079
4080
4081
4082
4083
4084
4086
4087
4090
4091
4092
4097
4098
4099
4101
4105
4108
4110
4114
4115
4121
4122
4124
4125
4127
4128
4129
4135
4136
4137
4138
4141
4143
4144
4147
4148
4149
4150
4151
4152
4154
4155
4156
4157
4160
4161
4162
4163
4164
4168
4172
4176
4177
4179
4180
4183
4184
4185
4187
4189
4190
4192
4195
4196
4197
4198
4203
4204
4205
4206
4208
4209
4211
4212
4213
4215
4219
4220
4221
4222
4224
4228
4229
4231
4232
4233
4235
4236
4237
4239
4240
4241
4248
4252
4254
4255
4258
4259
4260
4262
4264
4265
4268
4269
4271
4272
4274
4275
4277
4278
4279
4287
4288
4289
4293
4295
4297
4298
4299
4300
4304
4306
4307
4308
4309
4312
4314
4316
4318
4322
4323
4324
4327
4329
4332
4334
4336
4338
4340
4341
4347
4349
4351
4352
4354
4355
4357
4358
4361
4363
4364
4366
4368
4371
4374
4376
4378
4380
4381
4384
4385
4388
4389
4392
4393
4395
4398
4399
4401
4402
4404
4405
4406
4410
4411
4412
4414
4415
4418
4421
4425
4426
4427
4429
4433
4434
4438
4440
4441
4443
4445
4447
4448
4453
4464
4465
4466
4472
4473
4475
4476
4478
4484
4487
4491
4494
4495
4497
4498
4500
4503
4506
4508
4511
4515
4520
4522
4524
4526
4528
4530
4532
4534
4535
4537
4540
4543
4545
4547
4549
4550
4551
4552
4554
4556
4558
4560
4562
4567
4568
4570
4571
4572
4573
4575
4577
4578
4579
4582
4586
4587
4588
4591
4592
4593
4594
4595
4599
4601
4602
4604
4606
4609
4610
4611
4612
4614
4615
4620
4621
4623
4626
4627
4628
4631
4634
4635
4636
4637
4638
4639
4644
4646
4649
4651
4653
4655
4657
4661
4663
4664
4666
4668
4672
4673
4675
4676
4678
4679
4680
4684
4685
4687
4696
4698
4699
4700
4701
4706
4708
4711
4712
4714
4716
4717
4720
4721
4723
4724
4726
4728
4729
4733
4735
4738
4739
4742
4744
4745
4749
4750
4752
4754
4757
4760
4762
4763
4766
4767
4769
4771
4772
4774
4776
4778
4784
4785
4786
4788
4790
4791
4793
4795
4796
4797
4800
4801
4804
4805
4807
4809
4811
4816
4818
4821
4823
4824
4825
4828
4829
4833
4835
4840
4844
4846
4847
4848
4850
4851
4852
4854
4856
4860
4861
4863
4865
4868
4869
4871
4875
4876
4878
4881
4883
4884
4886
4887
4888
4889
4894
4895
4899
4901
4903
4907
4908
4909
4910
4911
4913
4915
4916
4917
4918
4920
4921
4923
4926
4927
4929
4931
4932
4933
4935
4936
4939
4940
4942
4943
4947
4948
4954
4955
4960
4968
4969
4970
4974
4976
4983
4984
4985
4986
4987
4990
4992
4997
4998
5000
5005
5006
5007
5008
5011
5013
5014
5015
5016
5018
5020
5023
5024
5025
5028
5030
5031
5032
5033
5034
5037
5038
5041
5042
5043
5045
5050
5056
5057
5058
5059
5061
5062
5066
5068
5070
5073
5077
5078
5081
5084
5086
5089
5090
5091
5093
5094
5096
5098
5101
5102
5104
5105
5106
5113
5114
5115
5116
5117
5118
5119
5120
5122
5124
5125
5129
5130
5134
5135
5136
5139
5142
5143
5145
5146
5148
5150
5151
5152
5153
5154
5155
5157
5159
5160
5161
5162
5166
5167
5168
5169
5171
5178
5181
5182
5184
5185
5188
5190
5196
5197
5199
5201
5202
5205
5206
5207
5208
5210
5212
5214
5217
5220
5221
5223
5227
5228
5230
5233
5236
5239
5240
5242
5243
5245
5246
5247
5249
5250
5253
5254
5258
5259
5260
5266
5267
5268
5272
5273
5274
5275
5279
5280
5282
5285
5288
5290
5291
5292
5296
5297
5299
5300
5303
5304
5307
5312
5316
5319
5321
5322
5324
5325
5326
5330
5333
5335
5338
5339
5341
5342
5343
5344
5345
5350
5353
5354
5356
5358
5359
5360
5362
5363
5364
5366
5367
5368
5369
5370
5372
5378
5379
5380
5381
5382
5383
5385
5388
5389
5390
5391
5393
5394
5395
5396
5398
5400
5402
5403
5404
5406
5407
5408
5415
5416
5417
5420
5422
5423
5424
5425
5426
5428
5431
5434
5435
5437
5438
5439
5442
5445
5447
5448
5449
5453
5454
5456
5458
5460
5462
5463
5465
5466
5469
5470
5471
5474
5475
5476
5477
5478
5479
5480
5482
5485
5486
5489
5491
5493
5495
5496
5497
5498
5500
5502
5504
5505
5510
5511
5512
5514
5515
5517
5520
5521
5522
5528
5531
5533
5538
5539
5543
5546
5547
5548
5549
5550
5552
5555
5558
5559
5560
5563
5564
5567
5568
5570
5571
5572
5573
5577
5581
5585
5586
5589
5591
5592
5596
5605
5607
5608
5610
5611
5616
5617
5619
5620
5623
5627
5628
5634
5637
5640
5641
5644
5648
5650
5651
5652
5654
5656
5657
5658
5661
5664
5666
5667
5669
5670
5671
5672
5685
5686
5687
5688
5690
5692
5699
5700
5703
5705
5706
5707
5709
5710
5711
5712
5714
5716
5718
5721
5726
5728
5735
5736
5739
5741
5742
5744
5745
5747
5748
5749
5750
5751
5755
5756
5758
5761
5763
5766
5767
5769
5770
5772
5774
5775
5776
5777
5778
5780
5781
5782
5783
5784
5786
5787
5788
5789
5793
5795
5798
5799
5800
5803
5807
5809
5810
5811
5812
5813
5814
5816
5818
5820
5821
5822
5824
5825
5826
5832
5833
5834
5835
5836
5837
5839
5840
5841
5843
5844
5847
5851
5855
5856
5857
5859
5861
5863
5864
5866
5869
5870
5873
5874
5877
5881
5882
5883
5885
5886
5889
5892
5894
5895
5896
5898
5899
5900
5901
5902
5905
5907
5908
5909
5915
5918
5920
5927
5929
5931
5933
5935
5936
5937
5938
5949
5950
5953
5954
5957
5960
5964
5966
5967
5968
5969
5970
5973
5974
5977
5978
5981
5982
5983
5988
5989
5994
5995
5997
6000
6002
6005
6006
6009
6011
6013
6015
6018
6019
6021
6022
6024
6026
6030
6031
6034
6036
6037
6038
6044
6045
6046
6047
6048
6049
6050
6052
6054
6055
6056
6057
6058
6062
6065
6072
6074
6075
6077
6078
6081
6084
6086
6088
6093
6094
6095
6098
6099
6100
6101
6104
6107
6108
6110
6111
6112
6114
6116
6120
6121
6123
6125
6126
6128
6132
6135
6136
6139
6140
6141
6142
6144
6147
6148
6149
6150
6151
6159
6163
6164
6165
6166
6167
6168
6169
6170
6171
6172
6173
6174
6175
6177
6179
6180
6183
6186
6188
6192
6196
6198
6199
6200
6201
6204
6206
6207
6210
6213
6214
6215
6217
6219
6225
6229
6232
6234
6235
6239
6242
6245
6247
6251
6253
6254
6255
6256
6257
6258
6264
6266
6268
6269
6271
6273
6276
6278
6279
6280
6284
6285
6286
6287
6290
6292
6293
6294
6295
6297
6298
6299
6301
6302
6304
6307
6308
6315
6319
6321
6324
6326
6328
6329
6330
6335
6337
6338
6340
6341
6344
6345
6350
6352
6353
6354
6355
6359
6361
6366
6367
6369
6370
6371
6372
6374
6375
6376
6379
6383
6384
6386
6388
6390
6391
6393
6394
6397
6398
6399
6403
6404
6408
6409
6412
6415
6418
6419
6420
6422
6426
6427
6429
6430
6434
6435
6436
6437
6439
6440
6442
6444
6445
6447
6454
6455
6458
6463
6467
6471
6473
6474
6476
6478
6479
6481
6482
6483
6484
6485
6487
6488
6489
6490
6491
6493
6494
6498
6499
6501
6502
6503
6505
6506
6507
6509
6510
6511
6512
6513
6514
6515
6517
6518
6524
6525
6526
6529
6532
6533
6535
6536
6539
6540
6543
6546
6547
6548
6551
6552
6555
6556
6557
6559
6561
6562
6564
6567
6568
6569
6571
6573
6581
6584
6585
6586
6589
6591
6592
6593
6595
6597
6598
6599
6600
6602
6603
6604
6606
6607
6608
6611
6612
6613
6615
6616
6617
6618
6619
6623
6627
6629
6634
6636
6644
6650
6653
6654
6655
6661
6663
6664
6666
6667
6668
6670
6671
6672
6673
6676
6677
6678
6680
6683
6684
6687
6691
6693
6694
6695
6696
6699
6701
6706
6707
6710
6711
6712
6714
6715
6716
6719
6721
6724
6725
6726
6728
6729
6732
6733
6736
6737
6738
6739
6740
6741
6748
6750
6752
6753
6754
6756
6757
6758
6759
6760
6761
6762
6764
6768
6773
6775
6776
6780
6782
6785
6786
6792
6794
6801
6804
6806
6807
6811
6821
6822
6826
6827
6829
6832
6835
6838
6840
6841
6842
6843
6844
6845
6846
6849
6850
6851
6852
6853
6854
6856
6858
6860
6864
6865
6867
6872
6875
6876
6878
6881
6882
6883
6884
6886
6889
6891
6892
6893
6894
6895
6897
6899
6901
6902
6903
6904
6906
6907
6909
6914
6919
6920
6924
6926
6928
6930
6931
6932
6933
6935
6938
6939
6940
6944
6945
6949
6950
6951
6952
6953
6957
6958
6960
6961
6963
6964
6965
6966
6968
6971
6973
6974
6975
6976
6980
6981
6983
6984
6985
6986
6987
6988
6990
6991
6992
6994
6995
6997
7000
7001
7002
7003
7007
7012
7013
7015
7016
7018
7020
7022
7023
7025
7027
7034
7036
7037
7039
7040
7043
7044
7045
7046
7047
7049
7055
7056
7058
7059
7061
7062
7066
7072
7077
7081
7082
7085
7086
7087
7091
7093
7095
7100
7103
7104
7105
7106
7110
7111
7112
7113
7115
7117
7118
7119
7120
7121
7125
7128
7129
7131
7136
7137
7142
7143
7147
7148
7152
7156
7160
7161
7162
7164
7165
7166
7167
7170
7171
7173
7174
7175
7176
7178
7180
7181
7182
7184
7186
7187
7188
7190
7193
7194
7195
7196
7198
7200
7201
7203
7204
7205
7207
7208
7211
7214
7217
7218
7220
7221
7222
7223
7224
7225
7226
7227
7228
7230
7233
7237
7238
7239
7241
7242
7244
7245
7254
7255
7257
7258
7259
7261
7263
7264
7267
7269
7270
7271
7272
7273
7274
7276
7277
7278
7280
7282
7283
7285
7286
7287
7288
7289
7290
7292
7293
7294
7296
7298
7300
7301
7302
7303
7304
7307
7313
7315
7318
7319
7320
7321
7323
7324
7325
7326
7328
7329
7331
7333
7339
7341
7342
7343
7344
7347
7348
7349
7350
7352
7355
7357
7358
7359
7360
7363
7365
7366
7367
7370
7373
7374
7376
7379
7380
7382
7383
7384
7387
7389
7390
7394
7396
7402
7404
7405
7406
7408
7409
7414
7415
7416
7418
7424
7427
7429
7433
7435
7438
7440
7441
7444
7446
7448
7450
7452
7454
7456
7459
7460
7462
7466
7468
7470
7472
7473
7476
7480
7481
7484
7487
7488
7491
7495
7496
7497
7499
7500
7502
7504
7507
7509
7513
7514
7515
7517
7518
7520
7526
7527
7528
7529
7535
7536
7539
7541
7542
7545
7546
7550
7551
7554
7556
7560
7562
7563
7564
7566
7571
7572
7573
7575
7576
7577
7579
7581
7582
7584
7585
7586
7587
7589
7590
7591
7595
7602
7603
7604
7606
7607
7609
7613
7617
7618
7620
7622
7624
7625
7626
7627
7629
7633
7634
7635
7638
7639
7641
7642
7646
7650
7651
7652
7653
7656
7657
7659
7660
7662
7663
7664
7665
7666
7670
7675
7676
7678
7679
7680
7681
7682
7685
7688
7692
7695
7696
7697
7698
7699
7700
7701
7703
7704
7705
7706
7708
7710
7712
7713
7714
7715
7719
7721
7724
7726
7727
7728
7729
7730
7733
7734
7739
7741
7743
7744
7746
7753
7754
7755
7757
7761
7763
7767
7768
7769
7770
7771
7772
7775
7777
7778
7782
7783
7784
7785
7789
7790
7791
7792
7793
7794
7795
7796
7798
7799
7802
7803
7804
7809
7811
7812
7813
7815
7816
7818
7819
7820
7822
7823
7825
7827
7828
7830
7836
7837
7838
7839
7840
7842
7846
7851
7853
7854
7859
7860
7863
7864
7865
7866
7867
7869
7872
7873
7875
7878
7879
7880
7881
7885
7886
7887
7890
7892
7895
7896
7898
7899
7902
7905
7909
7911
7913
7914
7915
7918
7919
7920
7921
7924
7925
7926
7929
7931
7933
7934
7935
7937
7938
7941
7942
7943
7944
7946
7947
7948
7949
7950
7951
7954
7956
7957
7960
7961
7962
7964
7965
7969
7970
7971
7972
7975
7977
7978
7979
7980
7984
7986
7987
7988
7989
7991
7993
7994
7998
7999
8000
8004
8007
8009
8013
8014
8015
8016
8017
8018
8022
8023
8024
8025
8026
8028
8029
8035
8036
8040
8043
8044
8047
8049
8051
8052
8053
8054
8055
8058
8061
8062
8063
8064
8065
8068
8070
8072
8073
8076
8077
8078
8079
8080
8081
8089
8091
8092
8093
8094
8096
8099
8100
8101
8106
8109
8110
8111
8114
8118
8119
8121
8122
8123
8126
8128
8129
8130
8131
8135
8137
8140
8143
8146
8148
8149
8150
8153
8154
8155
8156
8157
8159
8162
8164
8172
8173
8175
8176
8179
8182
8183
8185
8188
8190
8192
8193
8195
8196
8197
8198
8200
8202
8203
8204
8208
8211
8212
8213
8216
8218
8219
8223
8225
8227
8229
8230
8235
8236
8241
8244
8246
8248
8249
8251
8252
8255
8258
8264
8265
8267
8270
8271
8275
8277
8278
8279
8281
8282
8284
8285
8289
8290
8291
8293
8294
8296
8297
8302
8303
8305
8306
8309
8310
8312
8313
8314
8315
8316
8317
8319
8320
8322
8323
8325
8328
8329
8331
8332
8339
8341
8342
8343
8344
8347
8349
8350
8351
8352
8353
8355
8356
8357
8358
8361
8363
8364
8365
8366
8367
8368
8369
8370
8374
8376
8382
8384
8385
8386
8388
8389
8390
8391
8393
8394
8395
8399
8400
8401
8403
8404
8405
8406
8407
8410
8411
8412
8415
8416
8418
8420
8424
8425
8426
8427
8429
8430
8434
8435
8437
8440
8443
8444
8446
8451
8453
8454
8455
8456
8458
8461
8462
8463
8464
8466
8467
8470
8472
8475
8476
8478
8479
8480
8482
8483
8484
8485
8486
8489
8491
8494
8498
8500
8501
8502
8504
8506
8508
8510
8513
8514
8516
8517
8522
8525
8526
8527
8528
8530
8532
8533
8535
8536
8539
8541
8542
8546
8548
8553
8554
8556
8557
8559
8560
8562
8563
8564
8566
8567
8568
8569
8571
8573
8575
8578
8584
8586
8589
8590
8593
8594
8596
8597
8600
8601
8602
8603
8606
8608
8609
8610
8612
8613
8615
8616
8617
8618
8619
8621
8624
8630
8635
8636
8640
8641
8642
8646
8648
8649
8652
8653
8654
8657
8659
8661
8663
8664
8665
8666
8668
8670
8671
8672
8676
8677
8683
8684
8690
8692
8693
8694
8697
8699
8701
8703
8705
8706
8707
8708
8710
8715
8717
8719
8723
8726
8727
8728
8729
8730
8731
8735
8740
8741
8743
8744
8745
8746
8747
8749
8751
8753
8756
8759
8760
8761
8762
8766
8767
8771
8774
8777
8778
8779
8780
8781
8782
8785
8789
8790
8791
8792
8793
8795
8797
8798
8800
8803
8804
8805
8806
8812
8813
8816
8820
8822
8826
8832
8833
8836
8837
8839
8841
8842
8844
8848
8849
8850
8852
8853
8854
8856
8859
8861
8863
8864
8868
8871
8875
8876
8879
8880
8882
8885
8886
8888
8889
8892
8899
8900
8903
8904
8906
8907
8912
8914
8917
8919
8920
8921
8923
8930
8932
8935
8939
8944
8951
8953
8954
8955
8959
8960
8962
8970
8973
8974
8976
8977
8979
8982
8986
8987
8989
8990
8991
8993
8995
8998
9000
9005
9008
9009
9011
9015
9017
9018
9022
9023
9025
9027
9031
9033
9034
9035
9036
9037
9040
9042
9043
9044
9046
9048
9051
9053
9054
9057
9060
9061
9063
9064
9068
9070
9071
9072
9074
9076
9079
9083
9084
9086
9088
9091
9092
9095
9098
9100
9101
9103
9104
9106
9109
9110
9113
9117
9122
9123
9125
9126
9127
9128
9129
9130
9133
9135
9136
9139
9140
9141
9142
9143
9146
9147
9149
9154
9155
9158
9161
9166
9167
9174
9176
9178
9184
9186
9190
9191
9193
9194
9201
9202
9205
9206
9207
9210
9212
9213
9214
9219
9222
9227
9228
9229
9232
9235
9236
9238
9243
9244
9245
9247
9248
9251
9253
9255
9256
9259
9261
9264
9267
9268
9269
9271
9272
9273
9275
9276
9277
9279
9286
9291
9292
9293
9296
9297
9298
9299
9301
9303
9306
9307
9309
9310
9311
9314
9317
9318
9320
9324
9330
9332
9334
9339
9340
9342
9345
9346
9348
9349
9350
9353
9354
9357
9358
9360
9362
9366
9369
9370
9371
9372
9373
9375
9376
9377
9378
9380
9381
9382
9385
9387
9388
9392
9393
9396
9398
9402
9404
9405
9408
9410
9412
9413
9415
9417
9418
9419
9422
9424
9425
9430
9432
9434
9437
9438
9439
9440
9441
9442
9446
9447
9449
9450
9451
9452
9456
9457
9462
9465
9467
9468
9469
9471
9472
9473
9474
9475
9481
9485
9486
9487
9490
9491
9492
9494
9496
9497
9498
9502
9507
9508
9511
9513
9515
9517
9518
9520
9523
9529
9530
9531
9535
9536
9537
9538
9540
9541
9543
9547
9548
9549
9550
9551
9552
9553
9554
9555
9556
9557
9558
9561
9563
9564
9565
9568
9570
9581
9587
9588
9591
9593
9594
9596
9597
9599
9600
9601
9604
9606
9607
9611
9616
9617
9618
9620
9625
9627
9629
9631
9632
9633
9634
9635
9636
9639
9641
9643
9648
9650
9651
9658
9660
9663
9669
9670
9673
9674
9675
9676
9679
9682
9684
9690
9691
9695
9698
9699
9701
9703
9705
9707
9709
9710
9712
9713
9714
9715
9717
9718
9719
9723
9724
9725
9726
9727
9728
9733
9734
9736
9737
9743
9744
9745
9746
9748
9751
9754
9756
9757
9758
9759
9760
9761
9762
9767
9770
9774
9777
9782
9786
9787
9788
9789
9790
9791
9792
9793
9797
9799
9801
9805
9810
9814
9815
9816
9817
9818
9819
9822
9828
9831
9832
9834
9836
9837
9840
9841
9844
9849
9850
9854
9855
9857
9858
9859
9862
9863
9864
9869
9870
9871
9872
9873
9874
9875
9879
9880
9882
9884
9886
9887
9889
9890
9891
9892
9893
9897
9900
9902
9903
9904
9908
9916
9918
9920
9924
9925
9926
9927
9929
9934
9935
9936
9938
9942
9944
9945
9946
9948
9949
9954
9957
9958
9959
9960
9961
9962
9963
9964
9965
9966
9970
9971
9972
9973
9975
9976
9977
9978
9981
9982
9986
9992
9995
9996
